r_kopf = 0.0152
m_kopf = 0.00956
r_torso = 0.02025
l_torso = 0.0981
m_torso = 0.0821
r_bein = 0.00835
l_bein = 0.1705
a_bein = 0.01
m_bein = 0.0243
r_arm = 0.00705
l_arm = 0.135
a_arm1 = 0.027
a_arm2 = 0.0905
m_arm = 0.0137